% This file was created by matplotlib2tikz v0.7.4.
% preprocessing
\begin{tikzpicture}

\definecolor{color0}{rgb}{0.12156862745098,0.466666666666667,0.705882352941177}
\definecolor{color1}{rgb}{1,0.498039215686275,0.0549019607843137}
\definecolor{color2}{rgb}{0.172549019607843,0.627450980392157,0.172549019607843}

\begin{axis}[
width=\textwidth,
height=0.6\textwidth,
legend cell align={left},
legend style={at={(0.97,0.03)}, anchor=south east, draw=white!80.0!black},
tick align=outside,
tick pos=left,
x grid style={white!69.01960784313725!black},
xmin=0, xmax=47,
xtick style={color=black},
xtick={0,11,22,35,47},
xticklabels={5min,1h,2h,3h,4h},
y grid style={white!69.01960784313725!black},
ymin=4.6303042630836, ymax=5.13545842699724,
ytick style={color=black},
ylabel=Average weighted RMSE
]
\addplot [semithick, color0]
table {%
0 4.69510248431362
1 4.69050904022611
2 4.69016500798488
3 4.69679484028798
4 4.70143158754005
5 4.7099993680289
6 4.71862800941021
7 4.74064010512452
8 4.76198024109587
9 4.78682376933303
10 4.80701251836188
11 4.82721576107592
12 4.84414442674202
13 4.85208428590812
14 4.86537183926229
15 4.879955494867
16 4.89657154842521
17 4.91347345435667
18 4.93100015777664
19 4.94347853901857
20 4.95443819154428
21 4.96422694675207
22 4.9722134239982
23 4.97794541645314
24 4.98481311384289
25 4.9854882171279
26 4.99100269324137
27 4.99398793640522
28 4.99013216619307
29 4.98340214185081
30 4.97892692919936
31 4.97564598116194
32 4.96943187689162
33 4.96565634243454
34 4.97009398426034
35 4.96773454272079
36 4.9654089523144
37 4.96551999475824
38 4.96843929458412
39 4.96937300364204
40 4.97083949548571
41 4.97301835470011
42 4.98358700259572
43 4.99314021346213
44 5.00336281074437
45 5.02037386955099
46 5.03417664010406
47 5.04614812946882
};
\addlegendentry{Time Correlation}
\addplot [semithick, color1]
table {%
0 4.70749539329282
1 4.70788033894629
2 4.72235509013443
3 4.73896348629224
4 4.75511054836086
5 4.77234788196107
6 4.79822674307439
7 4.83039270043659
8 4.85858909295016
9 4.89455365434562
10 4.92641098894344
11 4.95071970095367
12 4.97438743898543
13 4.99087319409988
14 5.00724797901989
15 5.01745223592593
16 5.02868887823641
17 5.03779138738481
18 5.04629040552817
19 5.05090296604135
20 5.05011244924043
21 5.04543325517711
22 5.04474343362146
23 5.03926404213338
24 5.03579365750091
25 5.03683375555527
26 5.03278840281732
27 5.02760999589996
28 5.02771402921599
29 5.03353547637255
30 5.03895525708198
31 5.04054595442106
32 5.04605716862025
33 5.0492264467157
34 5.05248476222785
35 5.06227838694362
36 5.06794269705054
37 5.07857401501468
38 5.08697291130369
39 5.09426358637491
40 5.09792618603318
41 5.09993021544979
42 5.10818597024376
43 5.11489668697882
44 5.12498708328904
45 5.13647771288032
46 5.14657761787972
47 5.15774184786108
};
\addlegendentry{In- Outgoing}
\addplot [semithick, color2]
table {%
0 4.66763583252122
1 4.67438325322128
2 4.68671941219606
3 4.70578402870093
4 4.72168115362072
5 4.7335645972197
6 4.75659506030509
7 4.78570201690329
8 4.81213470057798
9 4.84278152409346
10 4.87214968176741
11 4.89098101674204
12 4.90959378690049
13 4.92151198926903
14 4.93205881053119
15 4.94070228147304
16 4.94930381657319
17 4.95502512028022
18 4.95489392023292
19 4.96188248578927
20 4.96539989280063
21 4.97134736947624
22 4.97778147085343
23 4.98461629442924
24 4.99482425651312
25 5.00189858221625
26 5.00330255550699
27 5.01104404971414
28 5.01309804483834
29 5.0101716363002
30 5.00782933554368
31 5.0048022204744
32 5.00996581759494
33 5.01157388910718
34 5.00797791101168
35 5.00899737024876
36 5.0072289057117
37 5.00728543921299
38 5.01013747961285
39 5.01623750576589
40 5.02081637919331
41 5.02775165998163
42 5.03557929176111
43 5.04300240082427
44 5.05093862404392
45 5.06277568869832
46 5.07208768019082
47 5.07741407583172
};
\addlegendentry{Correlation}
\end{axis}

\end{tikzpicture}