% This file was created by matplotlib2tikz v0.7.4.
% Figure 10, convmax-sigmoid vs other algorithms
\begin{tikzpicture}

\definecolor{color0}{rgb}{0.12156862745098,0.466666666666667,0.705882352941177}
\definecolor{color1}{rgb}{1,0.498039215686275,0.0549019607843137}
\definecolor{color2}{rgb}{0.172549019607843,0.627450980392157,0.172549019607843}
\definecolor{color3}{rgb}{0.83921568627451,0.152941176470588,0.156862745098039}
\definecolor{color4}{rgb}{0.580392156862745,0.403921568627451,0.741176470588235}

\begin{axis}[
width=\textwidth,
height=0.6\textwidth,
legend cell align={left},
legend style={at={(0.97,0.03)}, anchor=south east, draw=white!80.0!black},
tick align=outside,
tick pos=left,
x grid style={white!69.01960784313725!black},
xlabel={timestep},
xmin=0, xmax=47,
xtick style={color=black},
y grid style={white!69.01960784313725!black},
ylabel=Average weighted RMSE,
ymin=3.8873466240427, ymax=6,
ytick style={color=black}
]
\addplot [semithick, color0]
table {%
0 4.52511560020949
1 4.52247720306661
2 4.53267517285789
3 4.55202750343037
4 4.57021524074741
5 4.58750009856871
6 4.61032778329862
7 4.64831217697712
8 4.66915564342151
9 4.70280414052315
10 4.72468152118126
11 4.75696821169395
12 4.77302561760802
13 4.77968649628492
14 4.79570079612873
15 4.80927687558528
16 4.82907066340129
17 4.83778990673414
18 4.85808633837389
19 4.87002139095745
20 4.88219900701148
21 4.88694049717243
22 4.89044832540939
23 4.89274445791125
24 4.89438674795986
25 4.89692276343685
26 4.89930956591294
27 4.89903019766367
28 4.88480819896135
29 4.87214839653449
30 4.86523800842566
31 4.86227872895962
32 4.84861292708576
33 4.84665002653564
34 4.85296228716982
35 4.84544862050576
36 4.8431613518583
37 4.84040434858691
38 4.84793694317702
39 4.85237106493221
40 4.85105961968685
41 4.85308478969852
42 4.86166863968851
43 4.86974125386918
44 4.88067164024504
45 4.89831087106263
46 4.91341728823515
47 4.92894023203207
};
\addlegendentry{convmax-sigmoid}
\addplot [semithick, color1]
table {%
0 4.55556579503476
1 4.62836731542034
2 4.67161792976504
3 4.71498611510398
4 4.75614159886721
5 4.78661619536623
6 4.83725103759707
7 4.89067928101122
8 4.95237354060492
9 5.01375512024321
10 5.07978779064489
11 5.10374805339951
12 5.14075557599091
13 5.16763873726
14 5.21102420572082
15 5.2407666338638
16 5.2658578111514
17 5.32191418204247
18 5.31843906139909
19 5.33919019536496
20 5.37312887477952
21 5.39757832916716
22 5.43920051774509
23 5.45145752539394
24 5.49324573318158
25 5.53489748970068
26 5.52403331326624
27 5.54139328665416
28 5.5717675236998
29 5.54712338392224
30 5.56573408006324
31 5.57551049132341
32 5.60379942293732
33 5.62514078706605
34 5.63891998582019
35 5.68016141335774
36 5.71743962287518
37 5.74662468590855
38 5.76451088774258
39 5.78517984825659
40 5.80789071278241
41 5.83042423429138
42 5.85075673877378
43 5.89628270168122
44 5.89831594913472
45 5.89827170730829
46 5.91069314413963
47 5.92125178118349
};
\addlegendentry{KNN}
\addplot [semithick, color2]
table {%
0 4.25632854644377
1 4.41511282783176
2 4.49702068648282
3 4.56594107639902
4 4.62060372368372
5 4.66937669794873
6 4.72254230567429
7 4.76882300012159
8 4.80713757497683
9 4.85742395870822
10 4.89444694807702
11 4.93758122751634
12 4.97822315388538
13 5.01250560901812
14 5.04034842872995
15 5.07486615322149
16 5.08675517321283
17 5.10564939307798
18 5.12588351740165
19 5.13238393987641
20 5.13946457631436
21 5.1511191570308
22 5.16933986321148
23 5.17904384692092
24 5.19631832991649
25 5.19420226947126
26 5.20199715495647
27 5.20730115794974
28 5.21026534322094
29 5.20334469732713
30 5.19712938768239
31 5.2002771318175
32 5.19900851872282
33 5.21033582614268
34 5.22160854249855
35 5.22790017601187
36 5.22639991842448
37 5.22446323258914
38 5.22434340162612
39 5.22296889340491
40 5.22376581210431
41 5.22960110762186
42 5.23020337006289
43 5.2315888982827
44 5.24519039270485
45 5.25983832315835
46 5.2668584131576
47 5.28336997840455
};
\addlegendentry{SVM}
\addplot [semithick, color3]
table {%
0 4.45239332422912
1 4.43606300266546
2 4.46123178942762
3 4.48163457270581
4 4.51455835560108
5 4.55055882535497
6 4.6068300277485
7 4.67704605861451
8 4.73102166428305
9 4.76340591946548
10 4.80923027833179
11 4.82649436512901
12 4.83332701676656
13 4.84296778902546
14 6.21400293003328
15 4.86630986584597
16 6.19475585064295
17 4.85764606196172
18 4.85209608784314
19 4.87955438531084
20 4.8707297385309
21 4.88466631148393
22 4.88793116038689
23 4.87955924487307
24 4.89265351719665
25 4.8964454444738
26 4.91464382692425
27 4.91800985815877
28 4.91095991716261
29 6.46154008119504
30 4.91493153651186
31 4.90465714717347
32 4.91076510217642
33 4.91156441559483
34 4.91475405149062
35 4.9071781991314
36 4.91450880828958
37 6.45599111208952
38 6.26178054381555
39 4.91284351043097
40 4.94993524409823
41 4.96182419108866
42 4.94931734753301
43 6.32562795561377
44 4.98169660528059
45 6.34375667537431
46 5.01518162261825
47 5.02265579456952
};
\addlegendentry{LSTM-network-wide}
\addplot [semithick, color4]
table {%
0 4.28916515047182
1 4.44545254870071
2 6.77239015593374
3 7.9151972177522
4 4.80473402936125
5 7.83431386004261
6 6.45802951405697
7 6.68602217520508
8 5.08732312337822
9 8.02625971408545
10 5.20666339852989
11 5.25293521276785
12 8.19312160667297
13 5.32888806889103
14 6.71185536811748
15 6.89763632672145
16 6.98397057092896
17 5.449675112936
18 5.46781502517457
19 5.48277921529568
20 5.51072279522927
21 5.51441823561212
22 5.53630005526683
23 7.03391652838739
24 7.2059525293198
25 7.1034686463974
26 5.56314156440153
27 5.5754715124541
28 7.23680225449441
29 10.7026907580151
30 11.6359669944651
31 5.60953157266972
32 8.61237900523251
33 5.6253357015337
34 7.17896034949192
35 5.63532270047613
36 7.19671956520381
37 5.64907372326144
38 5.65478198115751
39 5.65979218220607
40 5.66809112507409
41 7.33232013896464
42 5.67567969103611
43 5.67999734675374
44 5.67871925411267
45 6.99193583457771
46 8.34821268582548
47 9.26433486315767
};
\addlegendentry{LSTM}
\end{axis}

\end{tikzpicture}