% This file was created by matplotlib2tikz v0.7.4.
% Figure 11: Time-correlation vs algoritmes without preprocessing
\begin{tikzpicture}

\definecolor{color0}{rgb}{0.12156862745098,0.466666666666667,0.705882352941177}
\definecolor{color1}{rgb}{1,0.498039215686275,0.0549019607843137}
\definecolor{color2}{rgb}{0.172549019607843,0.627450980392157,0.172549019607843}
\definecolor{color3}{rgb}{0.83921568627451,0.152941176470588,0.156862745098039}
\definecolor{color4}{rgb}{0.580392156862745,0.403921568627451,0.741176470588235}

\begin{axis}[
width=\textwidth,
height=0.6\textwidth,
legend cell align={left},
legend style={at={(0.97,0.03)}, anchor=south east, draw=white!80.0!black},
tick align=outside,
tick pos=left,
x grid style={white!69.01960784313725!black},
xlabel={timestep},
xmin=0, xmax=47,
xtick style={color=black},
y grid style={white!69.01960784313725!black},
ylabel=Average weighted RMSE,
ymin=3.8873466240427, ymax=6,
ytick style={color=black}
]
\addplot [semithick, color0]
table {%
0 4.52511560020949
1 4.52247720306661
2 4.53267517285789
3 4.55202750343037
4 4.57021524074741
5 4.58750009856871
6 4.61032778329862
7 4.64831217697712
8 4.66915564342151
9 4.70280414052315
10 4.72468152118126
11 4.75696821169395
12 4.77302561760802
13 4.77968649628492
14 4.79570079612873
15 4.80927687558528
16 4.82907066340129
17 4.83778990673414
18 4.85808633837389
19 4.87002139095745
20 4.88219900701148
21 4.88694049717243
22 4.89044832540939
23 4.89274445791125
24 4.89438674795986
25 4.89692276343685
26 4.89930956591294
27 4.89903019766367
28 4.88480819896135
29 4.87214839653449
30 4.86523800842566
31 4.86227872895962
32 4.84861292708576
33 4.84665002653564
34 4.85296228716982
35 4.84544862050576
36 4.8431613518583
37 4.84040434858691
38 4.84793694317702
39 4.85237106493221
40 4.85105961968685
41 4.85308478969852
42 4.86166863968851
43 4.86974125386918
44 4.88067164024504
45 4.89831087106263
46 4.91341728823515
47 4.92894023203207
};
\addlegendentry{Convmax-sigmoid}
\addplot [semithick, color2]
table {%
0 4.22994741601974
1 4.40994533271113
2 4.50404075800375
3 4.58905712442499
4 4.65597275784069
5 4.72390851202037
6 4.79095686656126
7 4.8539132036369
8 4.89659269639918
9 4.94048863867322
10 4.99013477372783
11 5.02041908857392
12 5.07330421927879
13 5.10572120434266
14 5.13718986516055
15 5.16273764345116
16 5.18658438823052
17 5.20157174551419
18 5.22192597187467
19 5.2348426479214
20 5.24067052712581
21 5.24402804457122
22 5.25012436658714
23 5.25604071092306
24 5.25934229325371
25 5.26031728126612
26 5.26600436038766
27 5.26571392970023
28 5.28280121242618
29 5.28917449639431
30 5.29689905208968
31 5.30530210868028
32 5.30765512928267
33 5.30638585104854
34 5.30114638992676
35 5.30310094072342
36 5.30619549234499
37 5.31675338363237
38 5.3241184977722
39 5.33694835167838
40 5.3379194691808
41 5.34624055197341
42 5.3357888175621
43 5.33554561106802
44 5.33982675156076
45 5.34726534529794
46 5.35884397489291
47 5.36520672726514
};
\addlegendentry{SVM}
\addplot [semithick, color1]
table {%
0 4.49268488735933
1 4.60746464591505
2 4.68769685132173
3 4.76292898715586
4 4.84494904579342
5 4.89155503009828
6 4.95996737971047
7 5.01334746586595
8 5.09615290649598
9 5.1576500248413
10 5.21679976404561
11 5.29221709553857
12 5.33662629922415
13 5.3800538361567
14 5.41143183891548
15 5.44321138168944
16 5.47256513886297
17 5.4768586207872
18 5.46521703637675
19 5.52009259696565
20 5.5414642838455
21 5.57929838092501
22 5.57219919281087
23 5.53894955060469
24 5.54794825248048
25 5.55108434874398
26 5.54410130618407
27 5.55767310306761
28 5.57265597132103
29 5.56298937009787
30 5.56370821304625
31 5.57023484172852
32 5.58538658941303
33 5.61239293490256
34 5.61711675255053
35 5.65939795879669
36 5.6789727966292
37 5.68786588441674
38 5.70450557419371
39 5.75658253289794
40 5.76192785146312
41 5.79200968058528
42 5.80623563387965
43 5.80028410611498
44 5.84999591199339
45 5.86533481315619
46 5.88949161727709
47 5.92103636417042
};
\addlegendentry{KNN}
\addplot [semithick, color3]
table {%
0 4.35940996785367
1 4.42624552136473
2 4.49263117565674
3 4.55380274593956
4 4.60193873949492
5 4.65845081763934
6 4.69706998449349
7 4.75549062146625
8 6.17691366189892
9 4.84042745326196
10 6.25879386745699
11 4.92970086580907
12 4.95018291610821
13 4.99246975110806
14 5.92160929854245
15 5.0362263231142
16 5.05112706162596
17 5.06302607127874
18 5.05962720542877
19 5.96516086818985
20 5.05726235487768
21 6.73564007622485
22 5.06384184062564
23 5.06652096044601
24 5.0535823063362
25 5.05685321374974
26 5.04337804021076
27 5.04299046104824
28 5.03367683047208
29 5.93318344631689
30 5.02736436812854
31 5.03499993817905
32 5.03584362457734
33 5.04944136443398
34 5.04779285457453
35 6.5567515728943
36 5.0681999774848
37 5.09180619633375
38 5.11005158829215
39 5.11596356412004
40 6.0208761537946
41 5.14340618095336
42 5.14602670026663
43 5.17126062133202
44 5.18897640837716
45 5.18116011681635
46 5.21645303001431
47 5.21712636090986
};
\addlegendentry{LSTM-network-wide}
\addplot [semithick, color4]
table {%
0 4.28635267489422
1 4.45521096269971
2 8.84720135847705
3 4.69984815566037
4 4.80458643324156
5 4.88156965686844
6 4.96328528760491
7 6.38485404358952
8 9.72468602236811
9 6.48828405601536
10 5.20988880113328
11 8.11076330646874
12 5.29814421611441
13 6.98069402204163
14 10.3203796044207
15 8.23532077300022
16 5.43992958069823
17 6.32742061486867
18 5.46574726142792
19 5.47766938155461
20 5.5041148102631
21 5.51236451602984
22 10.0077953629636
23 10.0152881492474
24 8.69200468363636
25 7.2039435685917
26 5.55567322087795
27 11.9598919448461
28 7.13472436475394
29 5.58569914788232
30 5.59589116538403
31 5.60502023120585
32 6.47226549738189
33 5.61625275288058
34 7.72990925667462
35 7.11828352139473
36 5.64154433985601
37 6.96435963437934
38 5.64906548144858
39 10.1307561193099
40 6.97055792859713
41 5.66965587180615
42 5.66787787550134
43 5.67564750587212
44 8.81035932668971
45 5.67604429081172
46 7.87057620800775
47 9.21848746790032
};
\addlegendentry{LSTM}
\end{axis}

\end{tikzpicture}